id
434157540245692740
461209453009262051
665278463111832247
180399758476148246
579474204128136837
790148580011903314
705014231757487083
994572507929156597
74648168983187896
788544225850031296
324105385962881714
63403711862249699
757541076650369624
518105964813381645
727249089448141478
338896538285193898
705585755846985029
736180154862261134
828317273619592772
920424604923346729
988581201763485153
254259026797253404
499948679164926272
33695106667336113
1005432273123216559
1136142529589775881
596055040867372584
486307540770721054
936062812479813571
964865783660067584
803132775280373777
435418027526189137
996589874347272954
722100370421234426
208698520905554827
930750091882400025
1137485768747848527
287346365672028580
872756859962675731
643275270536798804
1119261625864808575
756926369359665204
478067196951766301
284563012806037907
871778603759921325
1146048405089641514
554008168393827011
6039131212855570
389387239148570896
899758159374858016
347077142061172504
943822774222333143
335323245143259828
626524925515711530
259684379349655031
206913969030263785
306854745326998386
6588988958688070
311411200049344538
116457822651627498
201288094773444302
246365648687778273
1094316466167688103
638699728693114945
693459833575312841
262326347435084717
290151072508865796
427048341065324777
566549406846963680
757254077348436713
946773494982801103
956875330294182819
217143829039194102
103651669253163687
864517180930767196
1146693996221921509
556330734116272540
771173179715574090
420225786315245883
496766681170338332
339845415270984152
799398412038997333
764281603315297746
824630428605094060
520407363895313963
1130441216888770207
945052105649956957
541240795647220126
604496821119045164
218857666057947325
302599327467162852
889223531243389809
737264830857755982
941091068979025650
387986998811456654
93655467897624272
317514142945165780
419498443518700302
1126795003771423380
944505845183847784
572086410833914082
495230492004415949
599021825271870805
426533161077826710
979354911308654427
889687222093884617
569715972076880791
573526509383430749
367511913171413398
492300636595816873
469754252536247044
383622222870319126
919410270137402329
575282615909292637
198514899152647081
859326683063638170
665985847434380555
56148722990287727
321752141379172697
881255553007270482
1025660859370533554
377271060321056461
986276872759572102
498665813302340231
430395366111967818
617902131962891282
928004130322704328
1039779666187004204
748553019171544598
536048109420790525
767344747471058537
338912099697226258
4200815033534360
882952246083304861
39172974274399383
564150247120415207
197840439796962396
322885209061384588
201570629124952196
399983955613504376
690809382584191263
1116774157119266062
1102315856515563946
215775667182634489
190464056048274364
95214613850555105
353073733038545135
957038446296788750
457134126343120047
980812537709518367
443051677912113052
528652390456666736
521013909633565828
720855404837377922
1092636042016419362
16279766897353753
58306105911877685
646730566596563278
728349842276017512
953812956650012421
1116363194384213324
1088352058750198803
437255445474001777
916476456376486713
777991360515193773
333151466200227126
71523411680050677
864939388870088002
813971487664296878
864796022376486479
732331344834750293
212347508217653319
236130396933190965
805796270004954221
848942984679756855
226359541656664903
355753878273941953
318304312651652125
390565719292551091
745526989912467988
66569711979584230
658799185809976467
436012877366338390
894278134761665627
436638193775340486
69224537286015049
497210518033831724
134636883672017380
903198190358607262
766657433928407537
748024179203720692
1397380936015231
106968009901555836
382758711247769298
1063237090645087017
625423885410876952
770106693040761188
707384354602470249
697914439519486231
752151194403384182
996932607562227715
622843284122896389
1104438492685132638
685159717908869810
457114460855252764
652244161615632367
696390517630661434
605888828034709478
595878823813180188
1060700886399717210
168991588097114598
315259232152408457
867474305963014796
619616177018123249
171484274953324660
726534060930570048
545448898987680393
349826221103562293
993719277107091533
1111785253905691321
139285150812104111
725336371048273059
1075874758061957808
769784218178096601
101046066962064414
1017073226772633415
371502641708812455
159157742785485683
773788241699357743
172859159781035605
117613620960017120
49801322653018830
1040863039015954988
93861407848368664
320949487182402436
197941771047542556
748214885209844059
842238002262303628
360651533427760888
899218048112409338
640877104457891868
140099496850568510
666778497384890296
256924715482133483
333781295106829263
988847088927088779
432369271663918258
1066317298333432229
850177592971485678
428035543486548910
822114865891450284
367319705089262716
894466475860103918
110895173047418700
807711169543841227
592935146789244607
667464776916581631
702949149060025363
481562831381023815
238675016251752664
198179132733400425
77097421158127871
554608300395527954
424739439404942885
711071851102346058
158862873882807618
98510997684604681
1131689196087647521
249897374871557443
1004952085568555450
1036619394560030120
737148705761386489
237749084218551515
689779195594379628
155681174787796569
328744202204976077
861513956923103472
81345682886331703
629912373868732069
870983284802148941
581662809776701620
423962450572020756
602113594015438336
596615000170216367
467675983048956632
423268392236915262
1129056967419923248
697076640780457669
951407186951585993
401293346064194710
288733364635164936
1096536744737377894
520988640540901558
230869582300454074
243386865522969683
580578173971175085
644671437061334883
1079905674149912549
650202881813732119
797699738852782517
66080502976061891
432009527835080283
913030599354648874
375803725355436486
571299339880584965
660781551981432493
2934255686984496
706179330616120587
706376793453133055
289727749181797485
150582845875009504
766421266965103992
433291279611392895
167337889403462849
978719995053985438
215808098586399134
518521534120942986
373635220104066454
623740708445609835
155789418420243768
298531426569966347
1000190861697635084
760790082904222388
228200413940632047
193343177833421666
1152546429853968392
289173885529125039
665315561845994868
137736939023218434
399629104687432694
414410303570374326
600947451816967673
408382221006631574
879403472615881661
466060540168800598
196913987211484415
760421850545631088
722798387028656282
430520531625902669
571996623387084550
751283218149488635
296536929340489394
101065777761879360
73247608406179835
416409410276932862
999212029282895016
762829242291083677
354341177723542225
1078255549481419687
64921511291226985
329672397539232567
501139504778689414
733968843307455241
1095465745672276859
681943130119505397
297094752737296536
622261943123252323
122496741420364192
248389371651250516
209576434002293719
25957099359968420
617334472851559840
788177275616884833
526341507181905818
866777924276669787
486546196681289006
471750021264697341
863024767267325441
1011665358023952231
281101064610071611
174973817877929653
653369542593264621
1112787412593194488
1109196267119003472
239257445597996528
719964281577972948
976630654306932590
710061514668258891
864296771941264997
525030386305418140
250840177800568478
897691767607193429
456287701461975134
881324880697974689
1100668761253213572
737317217767386329
998099949595986755
175298479253071560
128904755166536967
1013329302971339089
586308754113617625
621740517487462296
1072589065405714516
268943502333928025
1082938855522662614
672941099608552417
899162666419241680
606056454780197930
165702100053228533
1038996360588677385
480140562078024132
508450055468348750
96010210180406566
778746157176997868
948548903595687978
79869054225912488
234874605050019770
445431711792802782
262926558411001658
1080455454675925451
88259908124939538
138885607579238031
676114068645799985
834870297341472195
997003737086740009
548348006489019521
647624607009219831
1068295952753478452
551518381177071394
1034454845196070479
765100014350340810
168330070810545016
189362927588019775
717002685146882559
19927657625762724
872155696223741072
653707750967297460
200841247160602079
540498120261936784
812091014866816441
981330456108602568
38675787073309545
11814584302411043
340382609875915230
284633333892247301
427863418194129568
1011404761403227307
745868575375619331
1139946265450079398
821455056818202571
345182668283162866
39590877653714329
649227611462349246
155078073295345594
160021474160618697
980381006267398566
987233883653780929
80861109614307360
400248992751781263
154212175308923400
448867299511984676
329663581764719282
949974313087062905
946325842522354950
262666874050292298
402842962754819533
943861957321385057
712746028525189695
352460377256035928
511593605311516089
53319415068204804
658317437084556482
583595777436972392
641352131948548967
969717601603922558
172021631063580963
924797732289381239
461548551541436944
993103150860246362
1008325348209878838
469387093610244084
419940348371075852
100371562317153883
341574398394921945
792419247151918201
182395651958859466
188534014676577205
480502980644015662
444872161450793675
1029370561590187097
184286560309124544
723060817937036635
419733691762408871
750282429017999940
536662885086972296
960573594711515361
464392502868961754
1066731384902581762
635411661322592818
1078774165361750017
975661509496709687
893543361387411634
927905269897006682
90564675640778619
467038070061899089
982940411397906903
766764381390658015
614783512007590088
316155900676096546
289120110464332261
540281965427583529
204891833712917617
370173855435305107
471235884679288374
613995439718300486
182184145607046065
34251516420314960
1033526492955374446
362164820570629019
367719894028250615
46860046039238169
775158958933485984
490545299406754135
837328848354870949
1055891835869102846
18450157986869018
478535069072095720
448645381543458161
891989544301446207
709682125771166783
1143472807564476169
8318747768152685
94617685653995873
966521883005148121
46690894097965514
702373393117648510
106642497984979651
1149709446421755647
1130105530081582040
813639376377930600
290161614985034309
539063247130720881
679828584579585706
201496858299430481
556458298032937477
782939348599581203
400980635285585225
459844920930750094
869480319636231838
1058676980740421486
624549930518139982
492803658494489858
16615523419869828
236772147252970133
609840669947528668
1077768401231280162
910894925385859438
4091660722455565
286581491365218487
1051452511830878212
189414596513247619
332069452487840859
1129419449129373984
611486294130666704
1146579676613143065
1022450982702199573
1064473128243973760
963390907220132738
955482583797216777
1143848550412244442
311036377003170732
242159158498579597
958926393310382777
644688562584404190
473169490944779106
648128432749595796
1143474647295471821
995840123169005310
969983102495782708
225339846527687719
566925920823045358
270595374588912444
274579756927049107
463448944691454785
695922258623228264
25906951651292254
462405170160304126
911344528809327723
1022887477593208619
37557357317020516
267132247833432111
995990235250133423
990817301950911465
667151652402150229
501687195112493651
1116780954693213498
466153009909334066
475023746691513687
436965861576505502
399474138405915448
273994483947596140
466074359505505661
883382626830727609
334736955329945540
110506015028096083
842128842319396708
864979994640236637
26423281831067422
942176783044998277
2379626318891168
921488895989362767
546042219370459666
1091304928154560328
583041460976435840
1019938911093189445
149670749506810375
351769272875938666
90003413517998616
1089075282716551213
310993306820715264
963376820775529237
493405002062237015
299412872479518787
78704186100362079
87703876611695973
636399216452305395
202689759995366151
237264757826754367
566578131781258055
730990815863691694
233327333892355031
161771801214928949
621548684429598754
531017048268131005
216146526476110869
841710623382065529
424607845585760877
932332858373129559
914090352912826536
535136499190181783
295734874932033058
404231752528992919
236925391093849018
1076256299406882963
1040975526792743841
451107816045484838
671579017771207619
772710341038199228
613799027121626965
1066334758724474770
865553770174864987
980987185536203876
792367523567744218
17260633056545357
805977801644123624
873746670377392846
357694958174255016
48727091916578166
1051524517883311160
729746812487074654
342323780154819963
300787445609992114
472015686108678757
151097539151836061
1041849321737142203
487637369807675858
757934854425100137
1108081285230064410
523162311511769327
870272579436201700
945593518656049860
935874309403282400
917800587898132433
668685526000496600
222711484987212889
1022543519051017705
378173579309579505
471575134026041840
247089029408698958
79365487822393640
410023881998484033
846441514139975466
845018993707150543
476412948582392318
394307856577479277
500393594708443578
863847589056624126
420287880989333116
992764000928135118
1062338759395953975
565567408843548910
146270907025342070
1063643297287413522
476429743959841773
675739288083806035
787657710420622239
124292398830900507
731755958434942016
1118681899707463441
172076214700872698
958836230777568390
385062693415431055
409306979394133037
545471934789241561
863895691011539509
154589999517555985
882254185858941327
110165759413541347
1128624964065863857
787058586719243862
761347895326070210
1033268047939294381
610031625321139921
161513370681959287
342861934791297295
418565151297496051
45275724883530849
920525073733541363
1142739929599216472
1039483980999364024
925233215440974614
107533943057337804
1015161266401866903
926596858613492920
939769958378748255
809271237858814352
386438405875320870
138264965850431186
873586904791160280
485078338626424217
608457043190794369
713681439883190280
157267214806116681
755680728767048142
1136893291281887885
568698933675303411
1078656805917982785
94743494074346441
480759570413089050
583877242786909430
943584995079125118
1031995741629701347
798236727686257216
662981095090619330
35962559541510548
775294958765822212
284331527266486367
264409820869453883
1111348021210415499
679711990812842054
542240673255818243
949365587811914366
22384680866746690
267075807476034569
152460101312243394
703372320074664387
143414640666235347
624304792148972480
684890001115545334
145306644679931292
823305737888602920
240017892797707604
448051717293727599
990206124687657071
365957901433077997
44997280431247888
44038192636780433
1072401273641707771
528921414955314744
827476197703124871
128571303072035355
747877082123880784
22851835429169751
914138241760709107
242222491306953574
913435159934013147
176506514297068200
366613476598443867
48093359993805783
76928187418907745
470961630052395380
419516083973336823
458278927531770097
585814383042761517
742658166170721233
63239216198686472
480865306526116572
292481613671759157
352852469552930947
573282022760915007
1096005300427375676
830712865634660605
927004279780894089
514511328924294290
1023571661194700803
33925933917042520
1074179091399237359
971036143666082413
1130272975890822564
881489767647240751
1132618375593277740
827762591722124806
1148177819152015771
96049031697936782
1151900840020483656
109170844587234095
936186558940535011
363871790068850503
545010448881583164
726826484607658620
72433302197077133
427890551020127393
68116142870123167
472040854157759524
547813427844766373
191355824636159782
234333909412523164
491735107806473318
267008318107128801
571020510413204398
577755970342371516
1084521298499454361
984811307270409204
303786925869136623
480591427978386888
667572249895835308
235181498419429990
267261198887052146
1054932459840291142
258353526114441183
1032477912592931065
941262409863725176
235554972787248428
1050509418530368509
77927462549558549
1048120397949463462
911822101978244565
755176397229090057
796591246352969080
411448723144479935
926545362271972046
861345671302466545
233262047868199630
114501107214244618
367766582176725543
530950111998206055
632196055367523816
16397280454969286
1102745670667101632
920826551672061050
24273258892138364
261473939817573218
819760116412604006
24915552509439366
684612498674485675
26897674892407898
355047336394812821
345651297962942329
973975428710145817
330065220829019906
539111871458708981
609858347027609717
738622964730746587
1012481329405477427
827534177150092016
928029744463287775
132208754160616740
191809563454782099
422589619038087998
854701905267562601
590050150880859509
895779303807005599
749144949483800813
699368333899241328
281731052446737754
1047407583479879462
1125845013154376695
292483762208276206
899762936829826064
412220188704290736
338262339251768095
950144149495361673
24779138462124957
561733622211576502
950259337656894756
969430881312376103
267513685079532261
141214788198579802
149634600271523859
703727664032396194
154301115368249983
184218802284012648
289420012333759963
1114030191753922922
440432925848236495
1008377008081917089
433420617119489755
175071835131104874
595289336457200512
86026068551158049
776475946184831027
169928384803986611
915595324108897092
127220529200229019
599010076406045152
1043474561124617593
241237683541646005
813617106381307457
960736517880199241
724235552341202997
373615362936126593
669958020426494856
260370304499290267
900947593167403487
526335006222132560
1126393998695692846
984521527342813769
696985473771666619
461940713192256399
493583497744046544
248913814948213036
963474879721365132
721259159867556547
720122174584559013
1124759980120610667
210128190762833718
1100059567568985186
821062790025641306
123117924197323058
882147061202883394
560412286263814606
856748290253714830
389391144948447808
983387542282107844
388760527355974234
908276126420344045
1044785727924207505
845494324464786966
925496151368726575
812804219842028308
1033176420510788858
894376079007774933
1041716525581724790
1054842325803005919
538035616085846010
850545151182278513
492692666454184826
543142079714792777
675683932295252787
249215883831376661
847723571127642203
658214372968451360
257426883266022155
173134560656405859
274177108136626945
645337737550760947
895071509269881986
720515825360328961
713881696881643394
559323725242595929
828593834369119614
940449901393356905
348046904217768120
775056217803807821
407575454478582558
237141685709031081
410565655027386183
632831909912490048
489527195115947912
931746824860647698
410676684071025743
761803191013497348
153674464812480794
1055980643928940682
1081676688087385550
962213177199277371
1033063953113088816
1018759092628336339
898916250274431365
605095656828237824
1111625373741488631
186947109152549738
687288437375741839
958583483212727255
44447145431121341
877768980240983873
309761933213860220
580915288659220939
833817273087863856
710867364589041137
648491616477282817
158917251412907501
1119473857387221104
103913012760878103
814051672768253639
158279675776223367
255258073193766123
101831452275090686
440819127321637368
292894418180834897
977903123157501264
179240076321133922
377766133848537169
612966471837546464
965257756606522346
953519249176770877
1110614951892079683
556215817048459225
728042697002044323
1046971870609370704
459753025871599748
53416340714671705
693660127484935013
1142994065171175294
268540702753489155
829869915035017866
956007476386372768
127578000274809905
235159630781160866
430644950549962571
671138268144927878
462847377827451743
984235686440568597
303653501253671898
632561284047928881
475115164973172504
775349664355110205
505840524378515367
946625503066667446
114499069665911715
705045234459406497
21515096272868482
492029800157654438
636277892209730057
316751045923302125
144131689735633037
360790917339318726
763439046066569078
59430881708243191
399562707751255484
250897945842703931
652038885412715285
788630191359563309
18776605472185620
877244485457960852
1122996708465087453
757987498797186124
954774684134078648
495772809509511865
897007888834025476
576199880432379765
475836887934977715
746119081696207048
385795194789162708
498787315510571164
10650897520778330
359988410227756752
537370158589017905
748532564001596371
256532200995959812
36579523697876749
748419727158621278
511079073284189317
218610379500850689
678029690292412532
1044014829791240538
1149809878158012284
168873121545672434
42345424961049691
853806812686424185
549459772786347657
289993656030004303
249454275508864338
965321739719741992
921731338799351889
425153235849987889
607690015127261767
796721944020752202
98903885364792786
274657763092844322
462302598526398802
741769788525331837
217378069156167064
62836964650124328
927792827252008212
2454149841529112
1136313306428452694
965007463010821716
130229554140862265
529661789569319488
525186546012428317
550976789962831751
683700811055184916
599033919641056267
559866351363333002
236376043195850510
208880796239814142
1040534293314102495
517288660889993666
1096022598420393242
592282397388811451
1109845341943056147
327665395965109086
107288114211099903
93882866515906177
514343759971320264
383379394759979371
867581645597126854
297197569772772821
853941273677422668
1122512812107505010
850916220817381900
310255504353592982
422263413875885323
1122809969902509307
904990993333993928
1064568183212871853
128007138364240334
776873028399246397
25201475840652562
754800365401525476
60686887662550700
769286491068076208
168152259885292237
55610932090629174
1043919354278473148
400771792113989805
411754063368403139
396869611902132430
58566398894487475
430757151426638156
51343938083835195
121286267394114877
321716984370673813
454489642180550856
234474396006857753
657557573168316538
416425776693336370
138823083871552473
995105041885493803
1018381284826351656
203433387327591685
215025437316358863
557724190630132470
552104983125822263
379361902367478591
596100524265325916
979240827940216036
286727006239805838
222107261026011537
1004804833652672892
60056529261818650
73998808425508753
481473551952564797
954901318791192064
999856158673508661
157239403801183940
546214492797882477
535650880419496892
161469663883563459
972078260066849090
42295618022548697
151322035805340834
650950375050182186
640916457141298676
194116696606107887
1139313271702393566
356102070802098688
983262566790267399
92514477983504430
1025069886141111176
664254617007477552
592041374507621329
943534916441862693
676228446259744203
1071265401967598966
759064201807584966
111839998456174756
173532727435984934
420865728634982297
179350293501720276
644717222827166956
835950222209441859
582690847386450064
1010446843126106634
935340990087808697
659148880882699555
1069334565011154084
965196437049649684
132327873157873295
167005142885823665
23789855035002120
42416151566288888
533776749783440253
479257207607570533
366277768334553969
636033358653609586
573089239297977936
212910336270405866
618941753434819874
796255882539811664
867602935971783099
693469137205090725
1050709823433166882
617199903852219580
107703486676175073
323215794961602822
284086168504996047
290289080454205048
714728645769841857
217064928994392745
736899027419365669
26770955854461463
337853253234597171
530556807582282127
922185458841105732
378921326013846402
321879258841178637
412977042956778852
994347987124880308
1130291080998529603
675291292727480386
871778311800071816
749412226835302850
981163785262500131
575107486683485329
1016327622057674813
241647045954309592
136265859362474025
323754648393933552
791156422485878606
130719064811652464
416183626128605080
236041317790806316
440501276591646541
362517186379466563
975570183722848384
1127465481489845866
291956663784897079
737806269855140817
1102777546525863828
312526519777698349
908593165788835654
228108164332493575
1009485477459548897
495111056250143315
382823640003968938
343632060863776130
1024018281185657786
842752503085505226
1064351483335313244
794989984904141726
511286277049469006
282027135613198555
1062746623586648685
850604030290217731
1083924706521987636
346975888000733336
174982399482946680
93226600147888750
934818894568902492
1071937509722481233
680294955667748649
956846490825246615
1090039216256509823
980708310767195403
540343643127478396
1142166030244523778
179567572787544660
945379218205348013
623579579826001157
956537060659534616
32230386361436812
382418320598656343
881215921719210478
156084863498728678
1118714459703302039
591489534283555812
704318720870340904
539578505112220609
890166264013133788
933026027533444859
443966967873353205
1066607444760276360
863160573096789311
958906912364369543
237242432319774429
1146548242655135628
230634215386979376
741940425906162215
236221557120753925
216963710274962885
102601986800468004
1065699018344239625
1150091370859174154
471692753757981081
573694966751289477
735522945932072749
215098838943177945
581174745390176438
849380038071697997
370516621815265059
140602060014634712
553519674198551661
489277075637569869
408634638544445107
1080188763929698969
163024499402524485
1135993404905191457
787692347268413547
366311809090335334
1122352931255896804
306841854110921163
404110635058805073
739654322237572867
249178606273725854
797714266201168626
1051464778106657678
642785951122574781
647745031182872425
331758429662452552
1143026385863206275
509627741267368311
885320295550845467
698264363716906090
513889442220627872
7065874328811478
1037904198716547508
989460821728551469
192524306014523053
295257801459318246
378468647628430752
368759660906076889
417787671988413171
1132927258780119941
948183965087933172
692549610780515478
909387650803782225
506946022520955858
99429215766315111
1136516712329076655
1073123543857063707
1119270098648507573
1082273892039622725
1047721030499508528
228401076633580617
585218406101677732
595252050724593569
20889226041839320
329710158606616826
793728818023736266
459098763737901371
874614619384014896
497825701517601891
340485481311856435
761817229980025417
271488255558248726
558073897109210873
1038621580416661921
697592922741830439
1033130071167318750
716497280197264645
209412818463378429
86861378190165112
614114915000923922
41471424598706149
647322103463728770
801063622983090847
576288218741529901
268601379397370624
170158312079811281
725540866556512371
458501475142764801
385032508331084642
1107792321623572582
608744978599456934
746210561257004578
1005607875969365276
855754427743306551
205931266370897581
324516658821081632
945708645810718203
87152796883202338
634523804838896557
233099430062725699
806882226234316019
444002747773560741
1144221182705837636
710141592434829366
45035081206388040
544101517441087465
505091974129620013
423893781047929913
27888688749703524
592891567704042358
1016373852702239469
864267345833105634
377394153532112026
823666760357173603
93515683797104710
22544403082727583
404668775559008418
306774695432195032
68336220093558570
228497434384393671
158863250888474356
614674450334158217
136134610972628946
642598241569599263
672420682377292158
471556293788168252
857269141851306971
556341838190093233
385766701531152725
865978431982479302
84889088001583513
640637082348331519
370483202420689430
441249657299789277
519217043465614312
351406942334272182
888544784826194677
325137182668667472
574677424847821867
1121520159431273737
607884497240703746
819649465169801722
596429605478489804
387222755560130501
1015762559684568245
759782277345184017
46394357702095236
601115735436961318
856778732968169953
534491781775111032
834464099934705736
399236727775671362
411880731744576026
579751469665474397
696821973961609850
584600007461394491
881353260241802030
845594905088041613
18360146947288328
719220793582452674
966130718449002053
132306137734794128
785536946971195146
303159698123591612
472821171873599001
689866173546825130
753938181399052924
424381789544358973
840011994304326115
875471380329223968
407644933038387265
124737765959197304
490508365871487598
304529548889792983
71415771056410902
1070392926306478930
242810287265483390
414120545256613642
1123714841448695916
178363523690568454
312469077017746713
554317466093054459
718748001930573969
299891359288231150
522138737244819082
262449890935479981
222167009190363020
267849397331329882
196208694019387052
610081122231951754
488074108362429557
724291144556730682
618877911772820490
548444054201622274
983492169311794023
418398961755266749
25967985816830762
817293467355517518
979330131148952834
486728607993712268
228250131370666484
1134087605945896015
1132967818891575734
262635495385393029
700317872238503945
279401771292653453
828688225891331304
16520956483185207
755646419482288532
431951678864648791
1103127768994853849
337876648823535812
230877843232266070
1081272857814087768
337628072146220529
56180916097247429
722772717569554230
465936709533292641
220827813503529358
689458098814747134
232138324171955019
619755785631911156
793566362644192966
101467962622854831
402638841349574250
630508182530548055
218647744503264179
248770440023288687
983000927330930967
384369815408279675
1074408370787920039
1130207050982997852
822301771231723277
894142416829731963
953297459942856547
258631368342787101
1150793106374702612
238117806582748449
552334858090625495
346134266561487436
28582474006796633
934337098773541602
1098345076261183870
997094425664131549
453711068890144893
56933495099249667
155514432550194529
190638005155533931
808561521993923404
260461567414020079
317871545665183979
718325928254519656
79777797322178239
317688419714283172
81825857053902132
1128524715278210940
543821895950168995
788235261167710565
1082567280524223272
622883017678594218
1015158757064172565
1055392110770214173
394947651077982627
595033451233446578
575233019485297765
1036813625181477525
446440335350806557
56157994537518317
471538881644008029
87008558835871755
436683011586563838
550674325513578823
145355042614507315
47741926848384986
253074615872319825
1043426668607492750
1074387217653531828
526528547019746096
400910367588494786
955141037013027296
989740632508168160
61329336268712112
730755004728313420
486012631338664702
1054965648958298441
413307668015701535
88697339910044464
520943943739672590
1029458155913105835
401315552072878270
583827825005088978
559933481364627377
738885524463527669
1113998075051253862
248785548365368146
981774382743287424
255993868839805602
300739901006380333
492800461039871584
123694273976592944
601315467536709902
493868866534201543
1150278855331684435
646092190395889030
1121335513185549649
944379717875352943
416570964780797497
724209826147816163
898825861133262406
397521772960061788
90710600352822666
619778423537484265
360947847333054321
396190445064867984
211519749800438332
668217109912246565
670184703334122492
594292784398791706
434416503728239622
732945358814004670
602999227378611522
320940503110977683
244737813999952254
988834000312875892
962866677717407605
1021129361008382368
942792100777953891
834005523090568961
434326808808817369
580613149167788663
338819903414356067
688893288042749681
335569145366990635
1146431413876390858
62616705207256664
13974072774700694
2530801578702122
1075209105161723725
800906351066701327
1076450852785056178
961925788627363896
469168489625510260
41477094601116283
62624371602064628
416447504678230889
1070860203478073041
507665043164850582
1066784964127994308
58717832250650618
320489572882975631
70100269171994001
621524145866910806
1111141519025488065
1096974539567284891
871907567363665500
45477760632846718
484732231937768614
405456887201560974
117741458961173909
921488938497760012
75592650067618070
203444999477472350
983718663768391194
218097367053180839
1031833841376127340
1016246855755941301
171483100947176489
144758820714500247
86671038718477876
817580629708756388
913333478526623536
1146878721010512530
966200513696641268
343321628842456893
136622804421333059
60476519923568746
818855988159837290
156825495781030069
152983158677683319
1087751974158101928
808561496158169232
276823715064549095
102173718983125652
110878420762140758
419908578387424511
628973638182978418
259026397744577825
45284057394275630
277768481166886826
493847688564098682
900221700758212740
607873238295304779
297584910020284212
423258827310736252
960443276619733429
162743765253081662
263170058199575030
29170500861163031
1152585074766026634
255348506066482021
224095562884088154
956859923159816913
140622568986067199
806612130339224318
883707902095937745
1093589649771582260
145054389156220129
144915060942814159
109498525880754021
33163773069025298
1085376923915495369
830433518160224343
27654204977046212
326677766197778819
90579917158993618
1067102688715839970
703065070380929951
830419232903828569
104959209074645851
1143397529202921460
476485754222360211
68832599545045445
621597160187325078
88569507664846297
520683962616569497
336928716147802406
223784549611704372
735038436393100844
16923692020687702
254004527935250662
797222845360336864
349961951927613916
1081439630824387218
1088792330230887637
377831967134979207
779322790535973928
916054969226629621
140840147803660492
149415910077110754
282081601914903551
960274592916174895
889177237084782080
426402113146672089
820777035342324384
521044891637548610
102847330936525973
726623789579732791
22173409596597371
365278966796832526
1038986569580457357
943780892093632540
8696455747131276
428036551480648881
110032638593834132
565826768834032463
673627213825411661
91673532780965022
1034409843305012031
295524042297976759
606623775684920539
950121108506850210
721705621238033915
757178226722793388
227465785306340519
699096041374348077
812806307434235763
180727210075629613
805721432875738391
14512202901584177
338252969225416675
846179630294558687
1112283091979641993
1102613088095417170
1133781068092935857
346915264032712436
329920263474754455
1024420485254770973
143767243011890210
183246826070380116
1043815828769213999
902977839606674604
169369310491811993
348227080643194176
506454903026732180
593242932066248027
1029933482511298360
945588385796072731
569522508788757355
286452045291674918
495710117948355677
69238536714216369
987685796399055642
175233197580726985
313191377359460564
161021609594325383
507127288870175382
625971286073626391
240363375296210922
558292080038898982
883179608074872239
83505255057555347
974376726915948830
47437120752442145
229895010720065
1096352276513047833
922644891546651719
512587922746425371
348724873835037161
532636346760619232
319651652920992824
538198454295034810
997446581689701292
793878309497898518
710687113179359472
1061957028321460431
330085767892231166
715412220825399354
89397794483184390
1029403167943686926
659731409413884186
324843552870627026
71222764091273749
380023538350982829
142626103766495195
1024884490377521150
83541221775960236
851367500176299183
1141582764512492453
706507113775245730
517594900130141673
622429125825075709
461208874330110413
455409467444564096
688142457938273543
116963300502862341
1044681606215867613
511742249006693611
654263514262068322
88150382389524249
931052378423440818
122700288231039931
1071301322111877768
869934631984821285
846793488353073798
161050391373165024
676614222666593260
751970144311755614
1092898398607051300
888705877115361679
714310726560091077
241635067829302743
919660746795148001
962799683855221363
599157354460378495
774984746355920676
622542340131694843
1015427696172911878
459250799869726025
478295925161113572
449981824411111770
172475764248527650
605731015451020549
154208391720920030
614330565903832290
513418829861005064
145907022754700994
175114463184708200
866684471845325632
563917271398415913
271399418355643992
255003094357877123
538201219095314873
721968563021042174
397090824635125895
1075720795381474170
615725438232437383
925789019727642950
352127743263836436
811531394237203642
1003380540995482624
726722350624726598
1036969715515599356
967165931003082139
545259782825715688
913059821303415653
479540015419230710
552163923848631650
734150758855675237
377296597378886382
1009865645780956260
57558390922838571
355956990605974110
780931065121097626
467584887233229917
375679024271601155
1117429138731679045
327558985092324393
354045610539111108
1114311278548631463
678747375673391188
783999835182313861
593399251642519543
636602665404832248
674644602438715690
544040350434616370
62134221403232744
352000694476563798
578798190604779443
310817739520595767
130014284835122449
351798897370733402
909370293306589708
1037623908893604322
896535298092886650
115233107470840482
185809771191216962
343730517868499288
748305008763058896
286873154701354725
240096625633424573
619461373999411908
650859378224387202
762739358214988628
1145323426905459951
211962319991534411
1102178909151823474
846457814682824825
689115338591853677
304480180752465333
193667853989759197
801440329790506718
697471435727678690
829090573224606059
438135859069972514
927490469305948889
339584871305586783
860990842211596919
761638711597197071
96276640459357811
1038052344559603996
857144755048689798
478881610434459077
1147294171363638889
826910528821747796
169119122147720531
688897259855493269
770371164888490039
177870797954725967
770143291606235917
465309798324372284
1082862338394845192
402597356075957756
1000613087994355804
552041847827865529
1111529170425019229
762520330381339620
1124410592685998255
1017919603065437307
387885672822691160
819501451368018125
1059422260399052899
901704976596907838
274414065891241393
1011978566233691217
862152688561596180
862312241548173898
280304166371215100
513670867969350592
1070256829413698286
815233286565645712
17960724364407472
547342865524482658
335756273880245739
534911144177039959
1076525332456074486
558545310679553266
920941328470222780
222240213702437143
823910150306389676
561149302362726881
581572050066929244
352605147563827476
533286803501715405
1089972581983610129
704387852343434566
502321692462911833
651075331818798158
487282240833050617
240730404199689077
566884559351281305
1012919006962717160
442978105441305189
1024604542070747894
616975843659081763
337147878520571357
123852258242830892
743493094043462869
1077027589175224074
397848489165629116
193059189318648816
653040768559787956
24680658774623618
443526207365433096
383860912512530567
827454607898388163
741055330900719858
945979638464608346
119567243662603450
441861796678596500
870395411316578957
1052770304654430971
902104235396350638
44401993647713748
460028219077087111
313097006525863667
782610770345206480
615070939401084555
536476639593878943
235935783807100783
917469924176403303
387866025348273314
179397518532613197
980493734831833043
444619968415081963
1115077748696497669
50073087869393614
181420764553181305
1107488314803080255
577344244333674311
928234880756519407
895865360452291739
223203774993432131
888366426811287405
607776063191728806
741670194495553368
568679288383229415
86609993764786064
819630725991493525
737254313914914743
1049704108740585806
1134075389303657408
22670803356232668
22110945488327722
660949033748014114
152647939011137721
507360746550619342
623790161537863247
948494681000339896
616809979663949307
373692332731163804
242558308766714374
1116597880980232221
652733985086509466
1029675140425080841
459967596423676009
979527451845583925
632798197684640017
586222931586069659
88802583192706013
225013538096960926
543699828657149735
627010508566503611
80039606848522739
692647405763901703
807877500579173247
316590672560496145
329099700759184172
593755567057799878
1084864566833531362
1059004876160468105
122004857840545055
871747951675614394
202124341754675532
770868979748954952
904412637864152222
650691852602782418
649995935142640683
120881588065828709
1085821049839946481
831795393888748016
500573329393118579
17059549303878759
828763105850726985
587891138501462376
1088730614725719951
649630312188538130
706228796931308016
940997141187806135
440422637308903180
296310999356524204
306860035527395311
304068860684146326
636899178162274596
13023889442938524
704596187129068137
930277415335053184
863550331153242806
920200517322493678
1044924885088950715
178885704749186053
952400139166967432
965719894738100193
434589904611483210
775158054904679129
1064185498103234736
634229690955957473
531760271472078908
85679720496471370
578630849439540345
191952604861756306
292940914679364997
346180933928405830
1024069398117604472
404742373586861274
648944249298114198
826223509989544407
1122917910404293565
261016642869391604
204235663721090603
769461772166420703
471387921747506296
1084174167612004147
355389913351086914
99494722305292716
256702715433722736
1111869035659534120
1150671545202264959
198175165749607461
994328877079686012
367250029912442631
1111290738242425912
596031002074954000
948970999544139384
444573464103324604
447218468504401405
833155232052589501
549151119492543610
293283151949137611
437913264295731882
716417199891715211
19864954149060796
127630519782125710
1114367573973263299
94189706127197950
775044276309551628
343746979590156318
222840519627917377
829713798915860594
1089300418094845921
1148118728785256768
370518986616199283
55648952800265651
875195218412841148
401283071481640488
1060838529115457128
1861686802108692
902337909579296861
126293850425523526
786645234527667235
89705502973545994
843986194815410397
483902791788215150
72651296380848324
369679404934867613
831755707455854521
1128156780778723537
68631137476546237
653685290089523368
598884280407761626
1101809817341985293
957056235846232706
354248627306259912
930726677791191028
792004740529161470
608180696997645281
77042176335635505
710189844202006428
314116215341627617
73748068462072196
669016509675331649
11887761794829780
34707690956199818
1018419347893402729
502394251566941411
733943818069716405
2418726558488416
110666942213456193
107766574027680641
1015725563607095796
584065713722304688
685635546301389775
931103253510271315
993863150516363250
838834136507287005
816377491283966701
403373756485596701
891106604806001081
606029828678901222
727555123971624227
990135432483054842
1016158167242937028
1139129526139894695
694372013096628331
966677682704892817
31155608407782072
880965118792896315
568578562846829075
249074010869693815
829247776591871253
63386012175547174
206069872052435408
992805481161512758
48392688561309113
471423904159276290
1082101086682562331
255050629425193060
684566625590443428
589558710440698459
936355488380793747
623062638560577389
1058591633957320881
992179350258730588
904583235212574721
403657089776063768
979260569663506560
555089881960112734
493782955615186993
409811172955107031
856319775833670173
613020530234182606
871911882949098832
72060987430606009
1100568941237956490
186695539026941438
799206852215296859
837131876938772279
464126979490162235
236520815005540475
250013599442064943
1039821790196622147
349961271400571461
657170125707368837
352329344667323275
850939175508753585
1042428820709849281
996431453136194951
782558713772707728
31788678719777451
731856301352617489
370560688423021778
915125689274771961
7488161438807358
866579862062501493
150757122923649033
520856666092226309
1008483701676203654
322843620696881165
184692099665815246
346037333015906730
812673324760833907
827019769264346925
1086424538362666364
633372020586041867
40680666608019448
591489738224271264
925363415847641894
834081283866338265
288911640579181170
1114200830542560145
1064022620490704396
501419655502735125
713895856350468483
784748520515747346
670325042373922911
824883219399189002
124824106028117131
348863392909324020
903518039851309045
1031755154332330384
149597646436331245
721685972494840507
272026717032907200
714126030102613032
37451039531131546
483099629903734021
217101471873044479
78569066142446326
565184827979911737
1102834905222410242
824618336433314217
694440894274962903
109466962409517230
667336705975005426
324699302443763440
743208061626437810
298399896450855667
497197432093181469
663192359299211141
688589408292463697
655905156031531055
976809549382994343
853399484840545490
990212706433535825
173708762662932721
341933962905976670
14952644265504449
860921055618215929
372390753946110713
1121875419377204192
1132180910974232507
930740867565036789
1012708204171282248
478237558469702955
632271311476434912
371568549600886071
97626050433301784
686071002055489300
643213939859020828
284466638038061149
143939250505612622
222829428804417264
975631934263487535
257136548814456113
886928794719531030
895350815942679961
488270321672004910
993037513886930562
922988595641418443
526586813998958455
741269237331228085
1033329170964294537
300234161010200011
1055871188032890845
461522970309142743
401312828296954289
976028879475925071
191796449461348032
968348552603855622
308899823056865919
264185241788723142
393582933178799589
478793903257758558
941405198639970947
168995367260252259
85024710150675875
486605017384566524
1021543243080924576
777898246681279722
997042682124541373
950996514622638186
1146430250067385611
134759526549052642
512946347679757531
176093268234386252
604750801769474600
745214814148050582
429149933919328018
833848482643215731
327945021665462464
266411938656267218
640681868748121790
726746783228978830
724618687186505404
360278741153814771
1014064498224157753
905758079741064539
241598931122175095
514659026258340810
3291602521287519
42347962508019818
706958295397343364
426385522397474870
129905102827299879
736789230883838401
916798991685822031
1010202132112041361
804753852287963035
768413409435517784
729983276386281958
172068715123018194
726412290201374824
791513606195366809
951823044303674092
828978769109453148
93117177231903684
345039375622881257
649775324493054458
288980496513987138
209241511619876561
911551608396991868
645588845330654675
562489213368134806
1143499411719386656
1003106025998534926
104930816365161845
1122886814662313321
232604104851771305
473428160708140412
341330258063729445
655791707427057924
141122979733835681
703559883188035628
404784642003337618
737997907680162096
1027117547173071918
968662364508421332
978946908412868812
504216645574789489
230619362914231702
45395042115555444
947396308111811431
381196517166788649
1055173498776591162
275304466196459936
316617077655284664
157893779484298918
536150447244159214
51618587824787104
168832559484760549
455277566538731437
823017323739756309
182875414970439271
134946069862513350
56164331131544507
886969881182955952
1018891514135604463
68068266882320792
914798432384364677
827249051143969664
497190839747741118
66237562146664466
154133273225730689
112746189849919493
985696512984856597
202141991548465092
115186055115430457
1123325105011625917
1066240232115825071
171316796486410506
5503469504459928
224546207759451808
164721793975129610
779169188347025553
614056786371250447
702481174242328830
1150689519231551750
341417180852508496
763455946355880461
307800285330196662
733770189783175369
509684569613706455
151790427956719998
191557942790866906
388620751110013045
152578185839402792
25207824157871565
623850389623858528
783863594711764942
321996738224701763
599743745266193644
368276260028459352
1036910507309923561
788367666689617901
155837241767524764
336997207348354183
207601599189230742
940839663938104869
746597926511725501
535827230564584823
620337598969029299
782804092202856469
756987941605821087
517159735846346065
525024463843634855
24228152766832905
458466758490973132
837756655339900316
512532819616183179
289428156830919034
498675462866552949
584798487937659065
62356041465088493
266411516896123012
215386836146201312
156603583875050468
590985400761276754
799940199990971003
134352544897500472
361364185034116278
619907924623621742
796956502609313163
259775498575947512
1059625570010182154
96001148539575966
1011698488445582863
366142407129869680
649679305632844040
565898180771716756
665795328822002274
471336711697591626
832891302553832115
710404055495515738
426505698286461353
858346117116457299
938515419943082643
352536403129391455
1070318703973058255
1097366506653807037
451380826685781052
646652629669388286
247540153958300392
543504779320992085
1004718056102861683
409675767648617354
941774333442319129
142257433763222598
1005579482960565695
48557688851892807
331685415010014558
560159658519635724
1063640326147968901
684576070196991621
429376726357787398
1108628154663825910
230610085473313914
546750998444583516
1083634002526807525
30163793681206610
49107751739552752
629803856999103318
982900869459293613
791855741057004523
387084091999198328
769008733870332162
133917303346737874
175934155963540840
744424001983209158
96502043799199017
1124944967120388229
56872747443856281
1021183600683812394
939848595604641911
145303932931699312
603921878434478071
70953394286384051
246056346193201023
1099444902807515140
611789777946358115
646991295040009215
134360346329923156
729224694922065471
726830526944441874
994719513573120845
396061321699388282
85719889514506959
1034133740524865271
503218143793453756
450692125118983861
118543178707992738
828889305740304304
715517241174613084
403821252875328201
581521148708602914
924893376957994331
842845750949545702
595971862195819215
1124233173313784512
275912881592340865
621649757261779278
32981030529615036
313474643970685179
362508759831898095
381265613447777767
510147823211731788
967660100260460267
638376731532610408
276511188445411588
567749744933763266
805993086007591158
728783581266279316
84218989071925172
312284408960990283
763520682690445642
1133054787449045495
883030185914248668
661972410518576050
82586550879740823
784733197839210234
384966097122687430
882910048524595907
744339712254589905
925262400452141037
1139059828426372596
222018393638046896
737041677804680345
483272522048661118
1045406626635869733
171137216962972751
722096090028273889
561725790519832593
222597646963214071
1091361924640338450
1044719420877302854
626430678871481670
398653420630108282
411253698421712767
1094072252567431579
556697560193544871
237885848759398309
1041122072247212267
189804144253220591
455583742852661657
136566593725204157
967077856161545654
1034902911131755201
487653773287231620
189943358600293190
985941976490474986
342476925437387943
276069610691295492
383693109010749599
316513390877936477
1065922036727357468
1068481930900073370
510132142436886279
797818398717218300
369146160209896794
821255288870217264
1071280371517582379
440587607031663644
365326286200272601
69178562367253258
51689661334092761
102165272580559240
605961194574010602
823492126449803206
744384412933919334
1049619808021662283
1018111799461167914
780505449619207329
90728624744859943
968121975296599814
24698506472554373
1142519931651217433
321587094998289517
1067565324609574581
741506857249743844
781537809969495771
436661962578338132
666973172305163646
1102896370896354723
38954931521329615
299182513340722710
849257617911060105
570850811828118897
357286171290265537
586997925611641256
535475262794696632
388393709991700821
578922393524869187
524839866267599283
987332572663118957
231791418981023433
485046882010259987
182161477842933464
491058503608469384
1003044860308802894
222458460561926400
703742850415217267
838593972205717492
229569137676603288
1119043669138587606
567463476152091562
554071416735772430
657084220704961497
10686310265006899
775563209601019836
15329128609788628
322693819361177574
336203066799469331
665964561354048995
355820292833687065
798401676708973375
289843470823284617
1101668874635347143
209695315512724706
725074173201330698
1082669493957752637
824823500653885204
211152511115793451
210683930807141587
222918631739909910
566780838462667355
636967485210727599
1086675213374509062
749462690927517689
5117305046977915
779860253476323256
815758488080886482
914558131425679039
884829775150367154
233117706699452863
432331534580862837
758947006048826706
741084918063590623
852880553646630559
523545158614112141
409107935540120252
531555297215866347
751211827499299008
1100062713635933266
938838984324936054
872377922123126749
212288091903174654
980712570708697845
600614676824248808
306697013019717131
496233592367002785
1088650514608625167
156372395995709841
711500120412073641
106934476743169765
301378806662214400
37692448206294700
1101625266564466369
188939773284639770
706787759512628781
491245735078563014
109944369519211370
729176510173918199
907645130152481596
772792776426966980
154470610928950877
470079732792896126
118362919103551210
109699557162182386
240384788407492995
960451943977440657
739174602346397385
336390496318754429
1144154723356985039
103134589679132195
476422822561275185
155118794023730126
851653219146196961
1120918844549305283
603138728589905952
306965156424494904
1092453415159149764
819254603068743801
565674566963106418
30077013708772456
883822877824877868
858485873684007136
45830435163986619
29939488337869873
365201725329833049
35760072038075850
771811548045740667
1028098569233271196
90790797426629628
69806605087841384
1049327995291757936
586331090724635471
197073228557121158
332498373455319840
994117071478673470
444178858368693609
713280418761858545
252880993706700740
825542359418175792
537438414764278351
102859777947745439
178440038061898815
172570745607434316
285683392027745089
409394883848215817
352220266698695841
1043218786627754714
480202456772050583
990795975335476540
672704834429346808
773914587008047929
367693762445827702
253435210349250991
249744206175046583
247289290623913187
1130363258185819782
225434543236702899
773121573273835180
670019510242498581
874723128554253697
760396008660415269
66020213557086057
949366823596327374
18476627587025842
921054057919295067
682046817855011041
128699372799629730
78557246983176382
827583977376342208
527424828145177088
695750502500148000
691019719265783342
702968216574507712
183967871207545346
1057562679922321464
891093421463320952
247537698102654072
287385259209065895
160460004645636003
237148351375195041
744052392154546422
770452008693959379
299180840440570060
542615591214892223
367261930005833465
950717980779818192
382605476072636364
423945960027275332
955207466898485981
421918402595242886
47938936725792917
853333548375065064
11753877316327950
1046147186882217999
298752376084979664
1092891971548831689
96974954602782216
17176983153391373
309080151392512230
546115500184725511
87293856087112971
236444049413145093
687233735801324461
526714317462539549
453835926838432030
701688515897850325
753311517683025407
646390883560515536
1072149994318533009
981659696219253601
397762078808332163
686673484910335985
156375383530728485
840739036800895244
235624181804928543
222878239765624130
477252985666510080
522049948660194526
1025860790973697458
457815879094925509
932987054278934211
20517901020305457
434934751267533245
770673697158996374
135336713761207892
800932784886924932
928215694663254407
1075565079086954216
580820437327016700
155229521399578182
90150778976850360
1033964036793928436
595148829831564251
791727323329399242
687941638877307520
449409251737022143
756625013373213798
1106404070184631626
413933805466417074
695248641214033423
1131140007131563257
227857764614774617
1065796399015713637
97826465790122577
782997643028428235
136429947364044880
52260421192269307
236291306637676828
571879779419580050
297489204001331156
132469427976236034
646789438101395442
139284127873048862
174698911048563049
294921308958494975
333482453766293991
702213159474465570
472205309405673955
1060642956136907362
811390049793288395
456752164638239753
956987880288804346
844358375398754167
60821950880377917
1097436659649010717
253092298624900222
994004880546265567
389648025442559480
146376636287660288
83069863436095649
41685652068618366
368277995869516459
373190474484086369
583413331416701554
230829867661836968
995337327274945813
748151910230390357
623322054428691640
859839664456677234
190352959467286329
950650507132792442
315888219370680299
202066111662482626
1001893916001053240
194608844799257135
689038005485695921
1042078084902600870
1005779522671769782
612319218377689889
140299489866481872
1100611498932452351
119223194669943395
441750631740461341
1061761850774771382
1070120795788599577
323114494643555341
422109876008373434
746645609331551785
641924166504688355
583022633150722643
867437516511383239
717062374027723534
428203777032975972
56353899363431125
934398317604903069
32119040950773468
833238968963966144
1044668919631620313
288065052997233109
544458234991313271
89620891812803979
661423234796776005
753167180892750961
517229015424197502
1026085735670221622
345165211670926517
222260030842957530
526760592204122087
601792951245328882
408089340228405328
406924173937458543
270564726352242691
710490082940546780
1003090471905451356
49902232173130128
503443224726459282
609743346431620204
517813013637659402
519681697912697856
21126983883061014
1002300777181471024
473129036877339918
870093618481544928
543622910240447115
230986761972693521
952958144797211315
766318776718545402
97940130668861268
547258570888764489
239449540061135725
843943053638080348
468908941184665682
233707593622034562
679422716923555658
174355922416807934
617849073630659021
175710657844015011
876198124958847338
134799531030703230
194903640341522661
445489733618070681
280378484216519974
596360397564010037
1148195523986920121
945701939425746271
777371397542011717
161923666762617103
436633198046830019
1133717074580318266
1085491341270679211
854629621526529512
1100263084774498015
951794405478754420
284674932028969601
242173955501371013
352989464703949264
989869030578237335
2860047777860735
274075267508682043
1009420133694951087
190813863204726140
1087861087191938837
931987024833406284
120397842298405123
514316506138378569
140998347544937669
766402430593347840
1009840878720567780
1102223484312832941
37682085330084373
266192460144157548
328200812410868530
678431658447710436
1076120637974702478
730694798088549778
33888540915040305
801111212955767581
478264409546347789
242808286941441242
534675699880336510